0 0.21769042500000002 0.14911367343749998 0.2074840421875 0.149227346875 0.2073106390625 0.21886655625 0.30873510625 0.21993410156249998 0.3086287234375 0.14975288281250002 0.29782553125 0.14936079062500002 0.25863723437499997 0.10700494218750001 0.21769042500000002 0.14911367343749998
0 0.08570851093750001 0.2549225703125 0.08570851093750001 0.376062603125 0.42265957500000007 0.37594728125 0.422872340625 0.255848434375 0.08570851093750001 0.2549225703125
0 0.426432978125 0.5925601312500001 0.4251063828125 0.43558484374999995 0.317127659375 0.43855024687500005 0.32001382968750003 0.5921828671875 0.426432978125 0.5925601312500001
0 0.17014042499999998 0.6009423390624999 0.312787234375 0.6000955515624999 0.3091191484375 0.4252405265625 0.1692159578125 0.424812190625 0.17014042499999998 0.6009423390624999
0 0.7497872343750001 0.1082372328125 0.7090212765625 0.1515288296875 0.709042553125 0.21729818750000002 0.7948308515625 0.2179703453125 0.7937361703125 0.1552570015625 0.7497872343750001 0.1082372328125
0 0.5500893609374999 0.5849423390624999 0.6153393609375 0.5826540359375 0.610027659375 0.23713838593749997 0.5472265953125001 0.389803953125 0.5500893609374999 0.5849423390624999
0 0.8996382984375 0.396848434375 0.8956510640625 0.23986820468749998 0.61042553125 0.23739703437499998 0.61308510625 0.4036243828125 0.8996382984375 0.396848434375
0 0.6157797875 0.5824069187500001 0.7077042546875 0.5783574953125 0.70308510625 0.40214167968750003 0.6129787234374999 0.40444810468750003 0.6157797875 0.5824069187500001
0 0.83122446875 0.55802800625 0.9049968078124999 0.556920921875 0.89957446875 0.3978583203125 0.8268085109375001 0.4 0.83122446875 0.55802800625
0 0.707659575 0.5612850078125 0.8304287234375 0.5590411859375 0.8265957453125001 0.39983525468750003 0.7035106390625 0.40214167968750003 0.707659575 0.5612850078125
0 0.0815691484375 0.42510378906249996 0.081540425 0.5991845140625001 0.16946489375 0.5991845140625001 0.1687234046875 0.42537067500000003 0.0815691484375 0.42510378906249996