0 0.32137319999999997 0.6770764125000001 0.475132890625 0.65388704375 0.4801140640625 0.477435215625 0.32325581406250004 0.438759690625 0.32137319999999997 0.6770764125000001
0 0.6065227015625 0.6620730890625001 0.9126179406249999 0.723292359375 0.9054263562499999 0.43078626875000003 0.6068660015625 0.448837209375 0.6065227015625 0.6620730890625001
0 0.9128460687500001 0.7230343296874999 0.9988925796875 0.7249302328125 0.9988925796875 0.4950166109375 0.9055370984375 0.43078626875000003 0.9128460687500001 0.7230343296874999
0 0.102411959375 0.6796146171874999 0.3210454046875 0.6772956812500001 0.3229235875 0.4384274640625 0.10963455156249999 0.4557032109375 0.102411959375 0.6796146171874999
0 0 0.681784053125 0.09183720937499999 0.680299003125 0.0980653375 0.45405869374999996 0 0.4560730890625 0 0.5156854921875 0 0.681784053125
0 0.8492801765625 0.42668881562500005 0.84905869375 0.4137320046875 0.8815060906250001 0.393576965625 0.7501816171875 0.27174529375 0.6267530453125 0.4106378734375 0.650387596875 0.4345514953125 0.6489867109375 0.44549723124999996 0.8584717609375 0.43322259062499996 0.8492801765625 0.42668881562500005
0 0.5932447390625 0.41517165 0.6315614625 0.370653378125 0.5734219265625 0.31450719843749997 0.4761904765625 0.423588040625 0.5932447390625 0.41517165
0 0 0.4555924703125 0.052152823437499995 0.4546500546875 0.046784053125 0.44069213749999997 0.0760819484375 0.4219778515625 0 0.3287929125 0 0.4555924703125
0 0.606033221875 0.6489712078125 0.606033221875 0.46952048749999997 0.4806201546875 0.47740863750000007 0.4760542640625 0.65419490625 0.606033221875 0.6489712078125
0 0.1073089703125 0.1936877078125 0.018272425000000002 0.309302325 0.141091915625 0.452570321875 0.2705426359375 0.44230343281250006 0.26578073125 0.427796234375 0.2995570328125 0.40708748593750005 0.1073089703125 0.1936877078125
