0 0 0.8604825390625 0.049 0.87825396875 0.0615408328125 0.3981142859375 0 0.39854761875 0 0.8604825390625
0 0.1643358328125 0.8643904765625001 0.1773283328125 0.4588952375 0.0622241671875 0.3994158734375 0.0492325 0.87915079375 0.1643358328125 0.8643904765625001
0 0 0.2734920640625 0.0957458328125 0.3313857140625 0.17964833281249998 0.41049841249999997 0.1776466671875 0.385079365625 0.2093566671875 0.3758984125 0.22025 0.080319046875 0 0.16554444375 0 0.2734920640625
0 0.2091891671875 0.37578412656250004 0.2614166671875 0.34888888906250004 0.2697508328125 0.1332603171875 0.2205 0.0801587296875 0.2091891671875 0.37578412656250004
0 0.38422999999999996 0 0.2735833328125 0.044573015625000004 0.2615 0.34888888906250004 0.409565 0.2719650796875 0.5581025000000001 0.2409095234375 0.7502291671875 0.27430952343750004 0.7453333328125 0 0.38422999999999996 0
0 0.9567024999999999 0 0.8817491671875001 0.3663111109375 0.8949366671875 0.9946095234375001 0.9991666671875 0.9984126984374999 0.9991666671875 0 0.9567024999999999 0
0 0.7502041671875 0.274569840625 0.7138725 0.26914603125 0.728405 0.3766920640625 0.739335 0.9378523812499999 0.7626350000000001 0.937671428125 0.7502041671875 0.274569840625
0 0.0714816671875 0.00065396875 0.0033250000000000003 0.153176190625 0.003 0.1630158734375 0.20658333281250002 0.083174603125 0.2070166671875 0.0595079359375 0.1660033328125 0 0.0714816671875 0.00065396875
0 0.164555 0.8996158734374999 0.7272083328125001 0.9984126984374999 0.7059633328125 0.27715396875 0.3766291671875 0.36156984062499997 0.181195 0.3909666671875 0.164555 0.8996158734374999
0 0.2891833328125 0 0.2816725 0.00825396875 0.28175 0.040952381249999996 0.3862525 0 0.2891833328125 0
