0 0.816232 0.5105716671875 0.817403 0.3885416671875 0.79016 0.38769333281249996 0.789425 0.5099783328124999 0.816232 0.5105716671875
0 0.999 0.520985 0.999 0.37022499999999997 0.83558 0.36991833281250003 0.833456 0.5191916671875 0.999 0.520985
0 0.9300499999999999 0.320905 0.976018 0.32110333281250003 0.9750679999999999 0.26983 0.9305249999999999 0.26983 0.9300499999999999 0.320905
0 0.238844 0.5618766671875 0.4309 0.5721666671875 0.42560000000000003 0.3718333328125 0.2287 0.3736666671875 0.238844 0.5618766671875
0 0.455436 0.3585133328125 0.45439999999999997 0.2828333328125 0.27490000000000003 0.2875 0.2761 0.348 0.337497 0.335025 0.3931 0.3338333328125 0.455436 0.3585133328125
0 0.4311 0.5718333328125 0.45949999999999996 0.5606666671875 0.456212 0.37991166718749997 0.42590000000000006 0.3716666671875 0.4311 0.5718333328125
0 0.530778 0.5297966671875 0.52869 0.334195 0.454683 0.2829666671875 0.45970000000000005 0.5605 0.530778 0.5297966671875
0 0.526884 0.5467883328124999 0.706626 0.5492983328125 0.7062 0.41 0.5248999999999999 0.4106666671875 0.526884 0.5467883328124999
0 0.162434 0.5110383328125 0.282755 0.50108 0.279299 0.3323533328125 0.148705 0.293255 0.162434 0.5110383328125
0 0 0.39441000000000004 0.005419 0.49627499999999997 0.157764 0.4932633328125 0.152345 0.3954133328125 0 0.39441000000000004
0 0 0.3487466671875 0.021979000000000002 0.3402166671875 0.107183 0.34071833281249997 0.152857 0.3659566671875 0.148358 0.2933516671875 0 0.29241 0 0.3487466671875
0 0.2889 0.26316666718750004 0.2893 0.2875 0.43479999999999996 0.28300000000000003 0.4349 0.25433333281250003 0.357235 0.127295 0.2889 0.26316666718750004
0 0.484703 0.291755 0.484506 0.3028166671875 0.5147090000000001 0.3240116671875 0.514697 0.30981833281250004 0.49995200000000006 0.24428333281249998 0.484703 0.291755
0 0.20852400000000001 0.29369999999999996 0.208362 0.3114666671875 0.27071 0.3284266671875 0.270548 0.31442833281250004 0.23824399999999998 0.2398583328125 0.20852400000000001 0.29369999999999996
0 0 0.29201 0.12430000000000001 0.2926666671875 0.1242 0.2673333328125 0.055498000000000006 0.1553216671875 0 0.25999500000000003 0 0.29201
0 0.8467180000000001 0.3590466671875 0.8468 0.3695 0.9513 0.3696666671875 0.951303 0.3601116671875 0.900614 0.2857116671875 0.8467180000000001 0.3590466671875
