0 0.7943819999999999 0.37518833281249997 0.7998730000000001 0.7280116671875 0.847946 0.7497733328125 0.8439399999999999 0.28536833281249996 0.7943819999999999 0.37518833281249997
0 0.680237 0.7591916671875001 0.76246 0.7598883328125 0.760321 0.3011333328125 0.679144 0.300335 0.680237 0.7591916671875001
0 0.7999419999999999 0.7534099999999999 0.793774 0.3239566671875 0.784127 0.32501166718749996 0.76072 0.3004916671875 0.762618 0.7598883328125 0.788762 0.7534133328125 0.7999419999999999 0.7534099999999999
0 0.6791940000000001 0.5358933328125 0.642127 0.5356283328125 0.6425799999999999 0.7284716671875 0.6797519999999999 0.7395083328125 0.6791940000000001 0.5358933328125
0 0.5189549999999999 0.7294133328125 0.642099 0.7284916671875 0.6419159999999999 0.5373916671875001 0.520796 0.5363216671875 0.5189549999999999 0.7294133328125
0 0.521727 0.4838666671875 0.60867 0.4556433328125 0.642166 0.46951 0.641914 0.28149166718749996 0.523722 0.2794466671875 0.521727 0.4838666671875
0 0.516874 0.7918783328125001 0.520048 0.40891500000000003 0.473855 0.2951733328125 0.46645000000000003 0.8312633328125001 0.516874 0.7918783328125001
0 0.40615199999999996 0.29557666718750003 0.396862 0.79922 0.449001 0.7910316671875 0.466681 0.7914466671875 0.47349199999999997 0.3200933328125 0.45724600000000004 0.3214616671875 0.40615199999999996 0.29557666718750003
0 0.404586 0.29546833281249996 0.326307 0.2920633328125 0.316173 0.8015733328125 0.39652699999999996 0.7994066671875 0.404586 0.29546833281249996
0 0.302094 0.5363166671874999 0.298439 0.7854300000000001 0.315838 0.8017216671874999 0.32130899999999996 0.5243116671875 0.302094 0.5363166671874999
0 0.149549 0.7582983328124999 0.298162 0.7638499999999999 0.30129100000000003 0.5504783328125 0.160052 0.5515966671875 0.149549 0.7582983328124999
0 0.8481400000000001 0.7282583328125 0.999 0.7282583328125 0.999 0.2879483328125 0.8443849999999999 0.28536833281249996 0.8481400000000001 0.7282583328125
0 0.789593 0.30578333281250003 0.789481 0.28475 0.658484 0.0657166671875 0.524057 0.279075 0.662418 0.2813733328125 0.6912320000000001 0.25794833281249996 0.735891 0.2594366671875 0.789593 0.30578333281250003
0 0.642463 0.46957000000000004 0.679307 0.483715 0.6789 0.3001083328125 0.642129 0.3190983328125 0.642463 0.46957000000000004
0 0.8444 0.2848333328125 0.999 0.2861916671875 0.999 0.17145 0.96783 0.12322999999999999 0.8444 0.2848333328125
