0 0.574897 0.25738500000000003 0.571914 0.494585 0.6434040000000001 0.46125999999999995 0.7091510000000001 0.46423166718750003 0.7066 0.273705 0.574897 0.25738500000000003
0 0.706885 0.2737366671875 0.709551 0.4636483328125 0.7593 0.4545 0.757406 0.2512616671875 0.706885 0.2737366671875
0 0.757868 0.25106833281249996 0.764853 0.8558033328124999 0.8342890000000001 0.8584583328125 0.8253999999999999 0.258 0.757868 0.25106833281249996
0 0.8523780000000001 0.2920866671875 0.8256 0.2585 0.8347009999999999 0.8582333328124999 0.862508 0.84421 0.860936 0.5582466671875 0.8564450000000001 0.475445 0.8523780000000001 0.2920866671875
0 0.5274 0.8695 0.529775 0.527885 0.28801899999999997 0.5193433328125 0.271591 0.8746216671875 0.5274 0.8695
0 0.43452 0.46997333281250003 0.43488699999999997 0.3947966671875 0.30979999999999996 0.38849999999999996 0.3088 0.46283333281249994 0.43452 0.46997333281250003
0 0.569876 0.7426416671875 0.7608159999999999 0.7440283328125 0.759155 0.5537033328125001 0.571536 0.5519716671875 0.569876 0.7426416671875
0 0 0.4466216671875 0.098028 0.4504383328125 0 0.2847683328125 0 0.4466216671875
0 0.000092 0.9001150000000001 0.034484 0.8996066671875 0.053228 0.5306016671875 0 0.5306016671875 0.000092 0.9001150000000001
0 0.110945 0.8741566671875001 0.124688 0.5405266671875 0.05277 0.5306016671875 0.034905000000000005 0.8993516671874999 0.110945 0.8741566671875001
0 0.27759999999999996 0.733 0.2867 0.5443333328125 0.226381 0.5457316671875 0.217 0.7333333328125 0.27759999999999996 0.733
