0 0.211522 0.8540850000000001 0.22496100000000002 0.5035816671875 0.039575 0.5159133328125 0.01998 0.8363266671874999 0.211522 0.8540850000000001
0 0.476905 0.8691066671875 0.486991 0.4939133328125 0.2701 0.5105000000000001 0.2602 0.8516666671875001 0.476905 0.8691066671875
0 0.67631 0.879425 0.67562 0.2965583328125 0.49348099999999995 0.3172716671875 0.486818 0.8672633328125 0.67631 0.879425
0 0.688536 0.8282166671875 0.805489 0.8316700000000001 0.7978989999999999 0.3250416671875 0.6867409999999999 0.333885 0.688536 0.8282166671875
0 0.8261240000000001 0.7787333328125 0.877 0.8736666671875 0.859 0.248 0.8181889999999999 0.47118833281250005 0.8261240000000001 0.7787333328125
0 0.8773310000000001 0.8743716671874999 0.999 0.883455 0.999 0.2255483328125 0.8593999999999999 0.24700000000000003 0.8714000000000001 0.769 0.8753 0.7695000000000001 0.8773310000000001 0.8743716671874999
0 0.619191 0.2644316671875 0.6195579999999999 0.21973333281250002 0.558923 0.22843333281249997 0.558982 0.27116666718750004 0.619191 0.2644316671875
0 0.211795 0.8541000000000001 0.260595 0.8219733328125001 0.269475 0.515725 0.225189 0.5035816671875 0.211795 0.8541000000000001
0 0.135156 0.36523500000000003 0.039733000000000004 0.5155683328125 0.21606200000000003 0.5023183328124999 0.135156 0.36523500000000003
0 0.380806 0.337595 0.2725 0.5098333328125 0.47830000000000006 0.49366666718749996 0.380806 0.337595
0 0.999 0.043 0.8593999999999999 0.2465 0.999 0.2248333328125 0.999 0.043
