0 0 0.43859857187499995 0.172545 0.4554928578125 0.17229624999999998 0.391218571875 0 0.34739 0 0.43859857187499995
0 0.35478624999999997 0.3901171421875 0.51587125 0.385071428125 0.5143537499999999 0.2999471421875 0.35395 0.3102357140625 0.35478624999999997 0.3901171421875
0 0.35574125 0.401341428125 0.35660125 0.49090571406250005 0.51876875 0.4915442859375 0.51728 0.39582714218750004 0.35574125 0.401341428125
0 0.532795 0.335831428125 0.534915 0.49130714218750005 0.5584625 0.49128142812500003 0.557185 0.3410271421875 0.532795 0.335831428125
0 0.5825775 0.3070457140625 0.5838337499999999 0.405501428125 0.634645 0.38888142812500004 0.74139875 0.38432857187499997 0.80559625 0.3940157140625 0.8012475 0.2928728578125 0.5825775 0.3070457140625
0 0.80771875 0.5173057140624999 0.80743875 0.41009714218750004 0.5849475 0.4123171421875 0.58607 0.516098571875 0.80771875 0.5173057140624999
0 0.80809125 0.5447771421875001 0.9144349999999999 0.5733342859375 0.9122025 0.333708571875 0.8075337499999999 0.39014000000000004 0.80809125 0.5447771421875001
0 0.9901325 0.5724742859374999 0.98985375 0.4471257140625 0.9136537499999999 0.4474442859375 0.914805 0.573288571875 0.9901325 0.5724742859374999
0 0.7998112500000001 0.282278571875 0.6877475 0.231588571875 0.58740375 0.2960428578125 0.58754375 0.3060928578125 0.79995125 0.29249 0.7998112500000001 0.282278571875
0 0.84674875 0.357161428125 0.846775 0.3685528578125 0.8942249999999999 0.3428671421875 0.89422625 0.326738571875 0.8700825 0.3168471421875 0.84674875 0.357161428125
0 0.9133749999999999 0.439758571875 0.98971375 0.4140742859375 0.98985375 0.33036142812499997 0.91239875 0.333758571875 0.9133749999999999 0.439758571875
0 0 0.3469857140625 0.1742575 0.391178571875 0.081355 0.32162 0.00041000000000000005 0.32943714218750003 0 0.3469857140625