0 0.7109125 0.9460174609375 0.7059633328125 0.27715396875 0.181195 0.3909666671875 0.1649466671875 0.8999285718750001 0.7109125 0.9460174609375
0 0 0.8683920640625 0.0478625 0.8999285718750001 0.0597225 0.41291904687500003 0 0.42689523749999997 0 0.8683920640625
0 0.1636766671875 0.89254920625 0.1776733328125 0.46085555625 0.0618325 0.4113984125 0.04938 0.900496825 0.1636766671875 0.89254920625
0 0 0.38144603125 0.2093566671875 0.3752619046875 0.21995749999999997 0.087803175 0 0.1649079359375 0 0.38144603125
0 0.2091891671875 0.37578412656250004 0.26139 0.34585238125 0.26783999999999997 0.133 0.2210725 0.0886047625 0.2091891671875 0.37578412656250004
0 0.4396066671875 0 0.2732558328125 0.0625095234375 0.2653933328125 0.3460857140625 0.409565 0.2719650796875 0.5581025000000001 0.2409095234375 0.7502291671875 0.27430952343750004 0.7414591671874999 0 0.4396066671875 0
0 0.9583516671875 0 0.8817491671875001 0.3663111109375 0.8949366671875 0.9946095234375001 0.9991666671875 0.9984126984374999 0.9991666671875 0 0.9583516671875 0
0 0.7457341671875 0 0.7637791671875 0.9360349203125 0.7872283328125 0.8244888890625001 0.77157 0.30069841249999996 0.7457341671875 0
0 0.7122458328125 0.9453079359375 0.7383816671875 0.9383984125 0.7246591671875 0.37023968281249997 0.7072991671875 0.2760634921875 0.7122458328125 0.9453079359375
0 0.7238825 0.2740619046875 0.739335 0.9378523812499999 0.7626350000000001 0.937671428125 0.74979 0.27845396875 0.7238825 0.2740619046875
