0 0.7943819999999999 0.37518833281249997 0.8012589999999999 0.7985933328125 0.846948 0.8264383328125 0.841333 0.29213 0.7943819999999999 0.37518833281249997
0 0.68581 0.8311566671874999 0.7629400000000001 0.8287000000000001 0.760484 0.3074366671875 0.681641 0.30642 0.68581 0.8311566671874999
0 0.761466 0.30784 0.765396 0.8278833328124999 0.79782 0.8049533328124999 0.791705 0.3338883328125 0.761466 0.30784
0 0.683682 0.74162 0.6798029999999999 0.3054633328125 0.641572 0.327635 0.6406620000000001 0.7303033328125 0.683682 0.74162
0 0.519259 0.7295716671875 0.6398539999999999 0.7278083328125 0.6409119999999999 0.5555766671875 0.521022 0.55264 0.519259 0.7295716671875
0 0.795712 0.49856166718750006 0.792185 0.2834183328125 0.525027 0.2789133328125 0.521727 0.4838666671875 0.795712 0.49856166718750006
0 0.516874 0.7918783328125001 0.520048 0.40891500000000003 0.473855 0.2951733328125 0.46645000000000003 0.8312633328125001 0.516874 0.7918783328125001
0 0.46468699999999996 0.8312649999999999 0.47103400000000006 0.3192783328125 0.40615199999999996 0.2957633328125 0.396279 0.8471366671875 0.46468699999999996 0.8312649999999999
0 0.404586 0.29546833281249996 0.326307 0.2920633328125 0.316784 0.8547783328125 0.39579 0.848175 0.404586 0.29546833281249996
0 0.305878 0.5338683328125 0.298186 0.8385016671875001 0.315504 0.854875 0.320803 0.5243883328125001 0.305878 0.5338683328125
0 0.151461 0.7700033328125 0.297101 0.79116 0.303145 0.5665066671875 0.159921 0.5695283328125 0.151461 0.7700033328125
0 0.849278 0.7276916671875 0.9961270000000001 0.7337366671875001 0.999 0.2874533328125 0.844421 0.281345 0.849278 0.7276916671875