0 0.816232 0.5105716671875 0.817403 0.3885416671875 0.791045 0.3880533328125 0.788702 0.5091083328125 0.816232 0.5105716671875
0 0.999 0.5427150000000001 0.999 0.37273 0.8361470000000001 0.3729216671875 0.8342919999999999 0.5437633328125 0.999 0.5427150000000001
0 0.816812 0.5103683328125 0.833653 0.543115 0.8353910000000001 0.3733633328125 0.8178810000000001 0.3885116671875 0.816812 0.5103683328125
0 0.930157 0.31771666718749997 0.973921 0.318335 0.975775 0.2732116671875 0.930528 0.2732116671875 0.930157 0.31771666718749997
0 0.238844 0.5618766671875 0.43095800000000006 0.5705316671875 0.42391100000000004 0.3733483328125 0.22957200000000003 0.3782933328125 0.238844 0.5618766671875
0 0.455436 0.3585133328125 0.45358099999999996 0.2892833328125 0.275561 0.2929916671875 0.276303 0.3486233328125 0.337497 0.335025 0.391274 0.33131666718749997 0.455436 0.3585133328125
0 0.431329 0.569295 0.46136999999999995 0.5563133328125 0.4567 0.3805 0.42460000000000003 0.3736666671875 0.431329 0.569295
0 0.530798 0.5253783328125 0.52869 0.334195 0.45522799999999997 0.2900366671875 0.46185099999999996 0.5559883328125 0.530798 0.5253783328125
0 0.526884 0.546955 0.706626 0.549465 0.706626 0.4230116671875 0.5262819999999999 0.4245183328125 0.526884 0.546955
0 0.166194 0.5534783328125 0.287227 0.529895 0.280001 0.3311833328125 0.151441 0.29656 0.166194 0.5534783328125
0 0 0.39441000000000004 0.005419 0.49627499999999997 0.157764 0.4932633328125 0.152345 0.3954133328125 0 0.39441000000000004
0 0 0.3487466671875 0.021979000000000002 0.3402166671875 0.107183 0.34071833281249997 0.152345 0.364805 0.14752700000000002 0.29756333281249997 0 0.3015783328125 0 0.3487466671875
