0 0 0.47018857187499996 0.17255 0.47213000000000005 0.17229624999999998 0.391218571875 0 0.34739 0 0.47018857187499996
0 0.313085 0.4745557140625 0.313085 0.4221357140625 0.20610750000000003 0.420861428125 0.20525375 0.4672742859375 0.313085 0.4745557140625
0 0.3551125 0.38838285781250004 0.51473625 0.38401428593750003 0.51261375 0.3000457140625 0.35385625 0.311818571875 0.3551125 0.38838285781250004
0 0.35636999999999996 0.49223571406250005 0.5170987499999999 0.4915142859375 0.51530625 0.3992971421875 0.35636999999999996 0.40296428593750006 0.35636999999999996 0.49223571406250005
0 0.5344675 0.49108 0.5321425 0.32577 0.5136475 0.29974 0.51728375 0.4907957140625 0.5344675 0.49108
0 0.532795 0.335831428125 0.534915 0.49130714218750005 0.5584625 0.49128142812500003 0.557185 0.3410271421875 0.532795 0.335831428125
0 0.58427625 0.3027928578125 0.58786125 0.40443428593749997 0.633745 0.38681 0.73662625 0.383121428125 0.800075 0.390908571875 0.79613125 0.2929571421875 0.58427625 0.3027928578125
0 0.8033075000000001 0.5167314281250001 0.8022325 0.41590999999999995 0.58894375 0.41631999999999997 0.59001875 0.52042 0.8033075000000001 0.5167314281250001
0 0.8031599999999999 0.5413214281250001 0.91321 0.57206 0.91086125 0.333941428125 0.804595 0.390498571875 0.8031599999999999 0.5413214281250001
0 0.9885875000000001 0.57247 0.9896637500000001 0.332711428125 0.91157875 0.33435000000000004 0.914805 0.573288571875 0.9885875000000001 0.57247
0 0.31357 0.47433 0.35157125 0.46582999999999997 0.35157125 0.4356042859375 0.31353 0.42205000000000004 0.31357 0.47433
